88.76922217265677
90.04831239714635
61.04871794421228
39.78044387198372
42.26044148979241
54.28191703655859
47.65407216828632
36.75209070268822
100.1504581838311
9.400378264446896
90.18513624492047
55.75178085479154
39.27424135990969
58.77180235605887
101.191754084475
87.1427838598012
100.9130787124098
61.80432974921836
13.01892678247875
58.48832490894668
100.5242282548462
85.93680202778498
103.1789421510546
87.36016859454367
13.9215713811316
75.78987296146431
46.10981553193132
30.68696321575307
36.88030071623334
65.43187344236742
34.27856616097715
30.76365477111225
17.93538780856831
80.11396210655778
61.8981506109636
97.62863237981985
91.56878172503959
47.79511803835083
52.00021568709625
30.23639496669325
49.5037526982461
95.49694559360177
31.01204868797319
74.45187586414208
100.2500990679203
9.055113340979892
102.7016783336514
55.27470296672863
47.89213703323718
80.74892872541024